# ./mat_gen.o --rows 7 --cols 7 --max 10.0 --min 0.0 --file matrix_7.txt 
# Version = 1.0.3, Revision date = 16-Oct-2019
matrix 7 7
8.68349626133	0.11310680309	1.97798631246	8.45402478634	6.34685986505	2.46254521537	1.53751432502	
9.12749528379	5.54471632724	3.24323421961	3.49158057174	0.651551955683	8.25758487836	1.5196140071	
4.0637674155	4.86502333771	2.81331586783	7.2781238506	1.35892394993	8.82109824047	6.19250120418	
7.8395292246	9.30026809187	7.90207539587	2.88224714942	5.96679951808	7.89541304945	0.194555721336	
4.18355998778	5.46784176746	3.00134520652	2.86705624446	5.5809485752	4.97933152364	1.3210810308	
1.92780844026	7.44187674366	2.85859535581	1.05530371939	2.9865930709	6.10182958008	4.54688429579	
3.63814502658	4.35941445379	6.06649830754	7.70191244674	9.22443779615	8.87981418002	4.98003629734	
end
