# ./mat_gen.o --rows 6 --cols 6 --max 10.0 --min 0.0 --file matrix_6.txt 
# Version = 1.0.3, Revision date = 16-Oct-2019
matrix 6 6
7.45886514311	7.09380310825	2.39773049597	1.49242763477	6.47407600958	0.613085050421	
5.71736190734	3.40828626575	1.40108295316	5.97654461208	9.94421091394	4.97573705622	
8.49380960152	4.32509916105	2.85226787573	3.85913785727	0.103042358581	1.97554693184	
5.40727036326	3.15773272103	2.11509819241	8.55770661894	9.7973562683	3.65135432857	
7.42508671592	2.95441654648	9.45629794125	4.64450412646	8.17350989123	2.65673784663	
0.552986106161	5.63237503433	9.75054095488	2.95071660678	7.1248026691	6.22461696445	
end
