# ./mat_gen.o --rows 8 --cols 8 --max 10.0 --min 0.0 --file matrix_8.txt 
# Version = 1.0.3, Revision date = 16-Oct-2019
matrix 8 8
4.94162900603	3.17920957374	1.59947596099	5.45503380031	6.27487184772	4.36239737289	2.40416666605	4.9117306829	
9.74987285666	5.56495635564	7.11536281608	6.4023727255	3.08670061319	8.80377503056	0.366545827299	0.948742088372	
0.628625755491	7.6915498719	7.40359430546	9.60741708037	0.404205206039	7.2328653779	8.94702169064	7.31510378295	
3.47349463658	4.14742076963	1.5301702365	5.90627657059	5.39040263528	8.5141416865	0.645096907693	0.33203164131	
1.69335125559	2.24457287334	5.78706544162	7.96822310796	6.60697025089	8.19123211233	2.87995379087	6.35684310755	
3.75618846796	9.9953166116	2.75921583304	6.8428890858	8.79909163751	3.125761665	7.79163117883	9.42771739765	
0.817311532245	5.19522548429	9.03513447802	1.22151674294	2.4280908622	7.98215616866	8.53662053055	5.90158549878	
2.12957693363	0.0667907670451	1.80786206937	7.51997957356	8.58093245355	2.45295898172	7.85201121953	0.274283709132	
end
