#mat_test Version: 1.0.3 Revision Date: 28-October-2020
matrix 8 8
0	1.11022e-16	5.55112e-17	1.11022e-16	1.11022e-16	0	-5.55112e-17	5.55112e-17	
-6.93889e-16	-2.22045e-16	2.08167e-16	4.996e-16	3.76435e-16	-1.73472e-16	5.89806e-17	2.77556e-16	
-4.44089e-16	1.11022e-16	-6.66134e-16	-4.996e-16	-6.38378e-16	-5.55112e-17	-2.22045e-16	-1.11022e-16	
1.38778e-16	1.73472e-16	-1.5786e-16	-2.22045e-16	2.21177e-16	-5.18682e-16	-1.43115e-16	1.73472e-17	
0	2.22045e-16	-2.22045e-16	-8.32667e-16	-2.22045e-16	1.11022e-16	-3.747e-16	-1.66533e-16	
8.88178e-16	1.11022e-16	-3.88578e-16	3.33067e-16	-2.22045e-16	0	0	-3.33067e-16	
-1.11022e-15	4.44089e-16	-9.4369e-16	-1.66533e-16	-5.13478e-16	5.55112e-17	-2.22045e-16	-8.88178e-16	
7.77156e-16	-4.51028e-17	6.19296e-16	-3.33067e-16	4.8312e-16	1.82146e-16	2.77556e-17	-8.88178e-16	
end
