#mat_test Version: 1.0.3 Revision Date: 28-October-2020
matrix 7 7
-2.22045e-16	-1.52656e-16	-5.27356e-16	-9.02056e-17	2.22045e-16	3.33067e-16	5.27356e-16	
5.55112e-17	-8.88178e-16	-2.77556e-17	6.93889e-18	-4.44089e-16	-1.11022e-16	5.55112e-17	
8.88178e-16	-7.21645e-16	-1.33227e-15	-2.22045e-16	-2.22045e-15	8.88178e-16	1.66533e-15	
-9.12465e-16	-1.72605e-15	1.0339e-15	1.11022e-15	-7.91034e-16	1.84575e-15	-7.77156e-16	
3.05311e-16	-1.249e-15	5.55112e-17	4.57967e-16	-8.88178e-16	8.88178e-16	-3.33067e-16	
1.44329e-15	-1.69309e-15	-1.11022e-16	1.38778e-16	-1.33227e-15	1.11022e-15	1.11022e-16	
6.66134e-16	-2.30371e-15	-2.22045e-16	1.38778e-15	-1.77636e-15	3.10862e-15	6.66134e-16	
end
